TODO
- ipython
- Spyder


Example:

from example import *

>>> a = Stock('SAN')

>>> a.closes[0:300]
[9.702, 9.71, 9.71, 9.719, 9.719, 9.71, 9.71, 9.71, 9.71, 9.71, 9.71, 9.702, 9.71, 9.71, 9.71, 9.702, 9.702, 9.71, 9.71, 9.71, 9.702, 9.702, 9.71, 9.693, 9.702, 9.702, 9.702, 9.702, 9.702, 9.71, 9.719, 9.71, 9.71, 9.71, 9.702, 9.702, 9.71, 9.71, 9.71, 9.71, 9.71, 9.71, 9.693, 9.702, 9.693, 9.702, 9.693, 9.693, 9.702, 9.71, 9.702, 9.702, 9.71, 9.71, 9.71, 9.71, 9.71, 9.71, 9.71, 9.71, 9.71, 9.71, 9.71, 9.71, 9.702, 9.693, 9.702, 9.693, 9.693, 9.693, 9.685, 9.685, 9.693, 9.693, 9.693, 9.693, 9.693, 9.693, 9.693, 9.693, 9.693, 9.693, 9.693, 9.693, 9.693, 9.693, 9.693, 9.693, 9.693, 9.693, 9.693, 9.693, 9.693, 9.693, 9.693, 9.693, 9.702, 9.702, 9.693, 9.702, 9.702, 9.71, 9.702, 9.71, 9.71, 9.702, 9.71, 9.71, 9.71, 9.71, 9.71, 9.71, 9.71, 9.71, 9.71, 9.71, 9.71, 9.71, 9.71, 9.702, 9.702, 9.71, 9.71, 9.71, 9.71, 9.71, 9.71, 9.71, 9.71, 9.71, 9.71, 9.71, 9.71, 9.71, 9.702, 9.71, 9.71, 9.727, 9.727, 9.727, 9.727, 9.727, 9.727, 9.736, 9.727, 9.719, 9.71, 9.71, 9.71, 9.719, 9.719, 9.71, 9.719, 9.71, 9.71, 9.719, 9.719, 9.71, 9.719, 9.719, 9.719, 9.719, 9.71, 9.719, 9.71, 9.719, 9.719, 9.719, 9.719, 9.727, 9.727, 9.727, 9.727, 9.727, 9.727, 9.719, 9.727, 9.727, 9.719, 9.719, 9.719, 9.719, 9.719, 9.719, 9.719, 9.71, 9.719, 9.719, 9.71, 9.71, 9.719, 9.71, 9.71, 9.719, 9.719, 9.71, 9.71, 9.71, 9.71, 9.71, 9.71, 9.71, 9.71, 9.702, 9.702, 9.702, 9.702, 9.71, 9.71, 9.71, 9.71, 9.71, 9.702, 9.71, 9.71, 9.71, 9.71, 9.71, 9.71, 9.71, 9.71, 9.71, 9.71, 9.71, 9.702, 9.71, 9.702, 9.702, 9.702, 9.702, 9.71, 9.702, 9.71, 9.71, 9.71, 9.702, 9.702, 9.693, 9.693, 9.693, 9.693, 9.702, 9.702, 9.702, 9.702, 9.71, 9.702, 9.702, 9.702, 9.693, 9.693, 9.702, 9.693, 9.702, 9.693, 9.702, 9.71, 9.702, 9.702, 9.702, 9.702, 9.702, 9.702, 9.702, 9.702, 9.702, 9.702, 9.693, 9.693, 9.702, 9.702, 9.702, 9.71, 9.702, 9.702, 9.702, 9.702, 9.71, 9.71, 9.71, 9.71, 9.71, 9.71, 9.702, 9.702, 9.702, 9.702, 9.71, 9.702, 9.71, 9.71, 9.71, 9.71, 9.71, 9.71, 9.702, 9.702, 9.693, 9.693, 9.693]

>>> a.show()
Plotting minutes of  2007-01-22  or day 22 hour 8 minute 1

